1.
01/06/1945

2.
7701.9

3.
(wykres)
120
118.8
117.612
116.43588
115.2715212
114.118806
112.9776179
111.8478417
110.7293633
109.6220697
108.525849
107.4405905
106.3661846
105.3025228
104.2494975
103.2070026
102.1749325
101.1531832
100.1416514
99.14023486
98.14883251
97.16734419
96.19567074
95.23371404
94.2813769
93.33856313
92.4051775
91.48112572
90.56631446
89.66065132
88.76404481
87.87640436
86.99764031
86.12766391
85.26638727
84.4137234
83.56958617
82.7338903
81.9065514
81.08748589
80.27661103
79.47384492
78.67910647
77.8923154
77.11339225
76.34225833
75.57883574
74.82304739
74.07481691
73.33406874
72.60072806
71.87472078
71.15597357
70.44441383
69.73996969
69.04257
68.3521443
67.66862285
66.99193663
66.32201726
65.65879709
65.00220912
64.35218702
63.70866515
63.0715785
62.44086272
61.81645409
61.19828955
60.58630665
59.98044359
59.38063915
58.78683276
0
52.81556022
52.28740462
51.76453057
51.24688527
50.73441642
50.22707225
49.72480153
49.22755351
48.73527798
48.2479252
47.76544595
47.28779149
46.81491357
46.34676444
45.88329679
45.42446382
44.97021919
44.52051699
44.07531182
43.63455871
43.19821312
42.76623099
42.33856868
41.91518299
41.49603116
41.08107085
40.67026014
40.26355754
39.86092196
39.46231275
39.06768962
38.67701272
38.29024259
31.0150965

4.
14/08/1945

5.
9811.7